Fixed words of length 6 (count=675):
000000
000001
000002
000010
000011
000012
000020
000021
000022
000100
000101
000102
000110
000111
000112
000120
000121
000122
000200
000201
000202
000210
000211
000212
000220
000221
000222
001000
001001
001002
001020
001021
001022
001100
001101
001102
001110
001111
001112
001120
001121
001122
001200
001201
001202
001210
001211
001212
001220
001221
001222
002000
002001
002002
002010
002011
002012
002020
002021
002022
002100
002101
002102
002110
002111
002112
002120
002121
002122
002200
002201
002202
002210
002211
002212
002220
002221
002222
010000
010001
010002
010010
010011
010012
010020
010021
010022
010100
010101
010102
010110
010111
010112
010120
010121
010122
010200
010201
010202
010210
010211
010212
010220
010221
010222
011000
011001
011002
011020
011021
011022
011100
011101
011102
011110
011111
011112
011120
011121
011122
011200
011201
011202
011210
011211
011212
011220
011221
011222
012000
012001
012002
012010
012011
012012
012020
012021
012022
012100
012101
012102
012110
012111
012112
012120
012121
012122
012200
012201
012202
012210
012211
012212
012220
012221
012222
020000
020001
020002
020010
020011
020012
020020
020021
020022
020100
020101
020102
020110
020111
020112
020120
020121
020122
020200
020201
020202
020210
020211
020212
020220
020221
020222
021000
021001
021002
021020
021021
021022
021100
021101
021102
021110
021111
021112
021120
021121
021122
021200
021201
021202
021210
021211
021212
021220
021221
021222
022000
022001
022002
022010
022011
022012
022020
022021
022022
022100
022101
022102
022110
022111
022112
022120
022121
022122
022200
022201
022202
022210
022211
022212
022220
022221
022222
100000
100001
100002
100010
100011
100012
100020
100021
100022
100100
100101
100102
100110
100111
100112
100120
100121
100122
100200
100201
100202
100210
100211
100212
100220
100221
100222
102010
102011
102012
102020
102021
102022
102110
102111
102112
102120
102121
102122
102210
102211
102212
102220
102221
102222
110000
110001
110002
110010
110011
110012
110020
110021
110022
110100
110101
110102
110110
110111
110112
110120
110121
110122
110200
110201
110202
110210
110211
110212
110220
110221
110222
111000
111001
111002
111010
111011
111012
111020
111021
111022
111100
111101
111102
111110
111111
111112
111120
111121
111122
111200
111201
111202
111210
111211
111212
111220
111221
111222
112000
112001
112002
112010
112011
112012
112020
112021
112022
112100
112101
112102
112110
112111
112112
112120
112121
112122
112200
112201
112202
112210
112211
112212
112220
112221
112222
120000
120001
120002
120010
120011
120012
120020
120021
120022
120100
120101
120102
120110
120111
120112
120120
120121
120122
120200
120201
120202
120210
120211
120212
120220
120221
120222
121000
121001
121002
121010
121011
121012
121020
121021
121022
121100
121101
121102
121110
121111
121112
121120
121121
121122
121200
121201
121202
121210
121211
121212
121220
121221
121222
122000
122001
122002
122010
122011
122012
122020
122021
122022
122100
122101
122102
122110
122111
122112
122120
122121
122122
122200
122201
122202
122210
122211
122212
122220
122221
122222
200000
200001
200002
200010
200011
200012
200020
200021
200022
200100
200101
200102
200110
200111
200112
200120
200121
200122
200200
200201
200202
200210
200211
200212
200220
200221
200222
201000
201001
201002
201020
201021
201022
201100
201101
201102
201110
201111
201112
201120
201121
201122
201200
201201
201202
201210
201211
201212
201220
201221
201222
202000
202001
202002
202010
202011
202012
202020
202021
202022
202100
202101
202102
202110
202111
202112
202120
202121
202122
202200
202201
202202
202210
202211
202212
202220
202221
202222
210000
210001
210002
210010
210011
210012
210020
210021
210022
210100
210101
210102
210110
210111
210112
210120
210121
210122
210200
210201
210202
210210
210211
210212
210220
210221
210222
211000
211001
211002
211020
211021
211022
211100
211101
211102
211110
211111
211112
211120
211121
211122
211200
211201
211202
211210
211211
211212
211220
211221
211222
212000
212001
212002
212010
212011
212012
212020
212021
212022
212100
212101
212102
212110
212111
212112
212120
212121
212122
212200
212201
212202
212210
212211
212212
212220
212221
212222
220000
220001
220002
220010
220011
220012
220020
220021
220022
220100
220101
220102
220110
220111
220112
220120
220121
220122
220200
220201
220202
220210
220211
220212
220220
220221
220222
221000
221001
221002
221020
221021
221022
221100
221101
221102
221110
221111
221112
221120
221121
221122
221200
221201
221202
221210
221211
221212
221220
221221
221222
222000
222001
222002
222010
222011
222012
222020
222021
222022
222100
222101
222102
222110
222111
222112
222120
222121
222122
222200
222201
222202
222210
222211
222212
222220
222221
222222
